#        i   X(00001)   X(00002)   X(00003)   X(00004)   X(00005)   X(00006)   X(00007)   X(00008)   X(00009)   X(00010)   X(00011)
 1.0000000  0.0034957 -0.0031681  0.0022466 -0.0009039 -0.0006081  0.0020062 -0.0030282  0.0034826 -0.0032841  0.0024701 -0.0011930
 2.0000000 -0.0006120  0.0005547 -0.0003933  0.0001583  0.0001065 -0.0003513  0.0005302 -0.0006097  0.0005750 -0.0004325  0.0002089
 3.0000000  0.0034957 -0.0031681  0.0022466 -0.0009039 -0.0006081  0.0020062 -0.0030282  0.0034826 -0.0032841  0.0024701 -0.0011930
 4.0000000  0.0006120 -0.0005547  0.0003933 -0.0001583 -0.0001065  0.0003513 -0.0005302  0.0006097 -0.0005750  0.0004325 -0.0002089
 5.0000000  0.0022691 -0.0020564  0.0014583 -0.0005868 -0.0003947  0.0013022 -0.0019656  0.0022606 -0.0021317  0.0016033 -0.0007744
 6.0000000 -0.0018130  0.0016431 -0.0011652  0.0004688  0.0003154 -0.0010405  0.0015706 -0.0018062  0.0017033 -0.0012811  0.0006187
 7.0000000  0.0022484 -0.0020376  0.0014449 -0.0005814 -0.0003911  0.0012903 -0.0019477  0.0022399 -0.0021123  0.0015887 -0.0007673
 8.0000000 -0.0005955  0.0005397 -0.0003827  0.0001540  0.0001036 -0.0003418  0.0005159 -0.0005933  0.0005595 -0.0004208  0.0002032
 9.0000000  0.0022484 -0.0020376  0.0014449 -0.0005814 -0.0003911  0.0012903 -0.0019477  0.0022399 -0.0021123  0.0015887 -0.0007673
10.0000000  0.0005955 -0.0005397  0.0003827 -0.0001540 -0.0001036  0.0003418 -0.0005159  0.0005933 -0.0005595  0.0004208 -0.0002032
11.0000000  0.0022691 -0.0020564  0.0014583 -0.0005868 -0.0003947  0.0013022 -0.0019656  0.0022606 -0.0021317  0.0016033 -0.0007744
12.0000000  0.0018130 -0.0016431  0.0011652 -0.0004688 -0.0003154  0.0010405 -0.0015706  0.0018062 -0.0017033  0.0012811 -0.0006187
13.0000000  0.0009984 -0.0009048  0.0006416 -0.0002582 -0.0001737  0.0005730 -0.0008649  0.0009946 -0.0009379  0.0007054 -0.0003407
14.0000000 -0.0018173  0.0016470 -0.0011679  0.0004699  0.0003161 -0.0010430  0.0015743 -0.0018105  0.0017073 -0.0012841  0.0006202
15.0000000  0.0009960 -0.0009027  0.0006401 -0.0002576 -0.0001733  0.0005716 -0.0008628  0.0009923 -0.0009357  0.0007038 -0.0003399
16.0000000 -0.0005072  0.0004597 -0.0003260  0.0001312  0.0000882 -0.0002911  0.0004394 -0.0005053  0.0004765 -0.0003584  0.0001731
17.0000000  0.0009960 -0.0009027  0.0006401 -0.0002576 -0.0001733  0.0005716 -0.0008628  0.0009923 -0.0009357  0.0007038 -0.0003399
18.0000000  0.0005072 -0.0004597  0.0003260 -0.0001312 -0.0000882  0.0002911 -0.0004394  0.0005053 -0.0004765  0.0003584 -0.0001731
19.0000000  0.0009984 -0.0009048  0.0006416 -0.0002582 -0.0001737  0.0005730 -0.0008649  0.0009946 -0.0009379  0.0007054 -0.0003407
20.0000000  0.0018173 -0.0016470  0.0011679 -0.0004699 -0.0003161  0.0010430 -0.0015743  0.0018105 -0.0017073  0.0012841 -0.0006202
21.0000000  0.0000418 -0.0000379  0.0000269 -0.0000108 -0.0000073  0.0000240 -0.0000362  0.0000417 -0.0000393  0.0000295 -0.0000143
22.0000000 -0.0002961  0.0002683 -0.0001903  0.0000766  0.0000515 -0.0001699  0.0002565 -0.0002950  0.0002782 -0.0002092  0.0001010
23.0000000  0.0000418 -0.0000379  0.0000269 -0.0000108 -0.0000073  0.0000240 -0.0000362  0.0000417 -0.0000393  0.0000295 -0.0000143
24.0000000  0.0002961 -0.0002683  0.0001903 -0.0000766 -0.0000515  0.0001699 -0.0002565  0.0002950 -0.0002782  0.0002092 -0.0001010
